=== EEG Biomarker Report: Subject sub-008_task-eyesclosed ===

Recording condition: Resting State (Eyes Closed)
  Gold standard for AD EEG assessment. Alpha rhythm is strongest in this condition.
Segments analyzed: 195 (each 4.1s)

--- OVERALL AVERAGES (all segments) ---
  FRONTAL (Fp1, Fp2, F3, F4, F7, F8, Fz):
    theta_alpha_ratio              3.6859
    theta_relative_power           0.0792
    alpha_relative_power           0.0291
    spectral_centroid                2.73 Hz
    spectral_peak                    1.00 Hz
    iaf                               nan Hz
    pdf                           97.8597
    spectral_entropy               0.5393
    lzc                            0.4512

  TEMPORAL (T3, T4, T5, T6):
    theta_alpha_ratio              4.0384
    theta_relative_power           0.0746
    alpha_relative_power           0.0227
    spectral_centroid                2.31 Hz
    spectral_peak                    0.92 Hz
    iaf                               nan Hz
    pdf                           97.9906
    spectral_entropy               0.5007
    lzc                            0.3981

  PARIETAL (P3, P4, Pz):
    theta_alpha_ratio              2.5038
    theta_relative_power           0.0726
    alpha_relative_power           0.0346
    spectral_centroid                2.64 Hz
    spectral_peak                    0.98 Hz
    iaf                               nan Hz
    pdf                           98.1353
    spectral_entropy               0.5350
    lzc                            0.3965

  OCCIPITAL (O1, O2):
    theta_alpha_ratio              2.8222
    theta_relative_power           0.0686
    alpha_relative_power           0.0309
    spectral_centroid                2.13 Hz
    spectral_peak                    0.92 Hz
    iaf                               nan Hz
    pdf                           97.8616
    spectral_entropy               0.4874
    lzc                            0.3624

  CENTRAL (C3, C4, Cz):
    theta_alpha_ratio              2.4719
    theta_relative_power           0.1099
    alpha_relative_power           0.0552
    spectral_centroid                3.89 Hz
    spectral_peak                    1.04 Hz
    iaf                               nan Hz
    pdf                           98.3941
    spectral_entropy               0.6275
    lzc                            0.5303

Posterior alpha coherence: 0.6035

--- TEMPORAL CONSISTENCY ---
Segments with AD-like patterns: 195/195 (100%)
  ⚠ Persistent AD-like patterns throughout recording

--- FLAGGED SEGMENTS (detailed) ---
  theta_alpha_ratio — TEMPORAL
    Flagged in segments: 1, 2, 3, 4, 5, 6, 7, 8, 9, 10, 11, 12, 13, 14, 15, 16, 17, 18, 19, 20, 21, 22, 23, 24, 25, 26, 27, 28, 29, 30, 31, 32, 33, 34, 35, 36, 37, 38, 39, 40, 41, 42, 43, 44, 45, 46, 47, 48, 49, 50, 51, 52, 53, 54, 55, 56, 57, 58, 59, 60, 61, 62, 63, 64, 65, 66, 67, 68, 69, 70, 71, 72, 73, 74, 75, 76, 77, 78, 79, 80, 81, 82, 83, 84, 85, 86, 87, 88, 89, 90, 91, 92, 93, 94, 95, 96, 97, 98, 99, 100, 101, 102, 103, 104, 105, 106, 107, 108, 109, 110, 111, 112, 113, 114, 115, 116, 117, 118, 119, 120, 121, 122, 123, 124, 125, 126, 127, 128, 129, 130, 131, 132, 133, 134, 135, 136, 137, 138, 139, 140, 141, 142, 143, 144, 145, 146, 147, 148, 149, 150, 151, 152, 153, 154, 155, 156, 157, 158, 159, 160, 161, 162, 163, 164, 165, 166, 167, 168, 169, 170, 171, 172, 173, 174, 175, 176, 177, 178, 179, 180, 181, 182, 183, 184, 185, 186, 187, 188, 189, 190, 191, 192, 193, 194, 195
    Channels: T3, T4, T5, T6
    Per-channel averages (across flagged segments):
      T3: 4.5536 (range: 0.4599–16.9541)
      T4: 3.7204 (range: 0.8873–10.6520)
      T5: 3.9589 (range: 0.8108–19.0372)
      T6: 3.9208 (range: 1.0829–20.6047)

  theta_alpha_ratio — OCCIPITAL
    Flagged in segments: 1, 2, 4, 7, 8, 9, 10, 12, 14, 15, 16, 18, 21, 22, 24, 25, 28, 29, 32, 35, 36, 37, 38, 40, 41, 42, 43, 44, 45, 46, 47, 48, 49, 50, 51, 52, 54, 55, 56, 57, 58, 59, 60, 61, 62, 63, 64, 67, 68, 69, 70, 71, 73, 75, 76, 77, 78, 79, 80, 81, 82, 83, 84, 86, 87, 88, 89, 90, 92, 93, 95, 96, 97, 98, 99, 100, 101, 102, 103, 104, 105, 106, 107, 108, 109, 110, 111, 113, 114, 116, 117, 118, 119, 120, 121, 124, 126, 127, 128, 129, 130, 131, 132, 133, 135, 137, 138, 139, 140, 141, 142, 143, 144, 146, 147, 148, 149, 150, 151, 152, 153, 154, 155, 156, 157, 158, 159, 160, 161, 162, 163, 164, 166, 167, 168, 169, 171, 173, 174, 175, 176, 177, 178, 181, 182, 183, 184, 186, 187, 188, 189, 190, 191, 192, 193, 194, 195
    Channels: O1, O2
    Per-channel averages (across flagged segments):
      O1: 3.2890 (range: 1.2377–17.6149)
      O2: 3.1233 (range: 0.7855–16.8142)

  theta_alpha_ratio — FRONTAL
    Flagged in segments: 1, 2, 3, 4, 5, 6, 8, 9, 10, 11, 12, 13, 14, 15, 16, 17, 18, 19, 21, 22, 23, 24, 25, 26, 27, 28, 29, 30, 31, 32, 33, 34, 35, 36, 38, 40, 41, 42, 43, 44, 45, 46, 47, 48, 49, 50, 51, 52, 53, 54, 55, 56, 57, 58, 59, 60, 61, 62, 63, 64, 65, 66, 67, 68, 69, 70, 71, 72, 73, 74, 75, 76, 77, 78, 79, 80, 81, 82, 83, 84, 85, 86, 87, 88, 89, 90, 92, 93, 94, 95, 96, 97, 98, 99, 100, 101, 102, 103, 104, 105, 106, 107, 108, 109, 110, 111, 112, 113, 114, 115, 116, 117, 118, 119, 120, 121, 122, 123, 124, 125, 126, 127, 128, 129, 130, 131, 132, 133, 134, 135, 137, 138, 139, 140, 141, 142, 143, 144, 145, 146, 147, 148, 149, 151, 152, 153, 154, 155, 156, 157, 158, 159, 160, 162, 163, 164, 165, 166, 167, 168, 169, 171, 172, 173, 174, 175, 176, 177, 178, 179, 180, 181, 182, 183, 184, 185, 186, 187, 188, 189, 190, 191, 192, 193, 194, 195
    Channels: Fp1, Fp2, F3, F4, F7, F8, Fz
    Per-channel averages (across flagged segments):
      Fp1: 4.6371 (range: 0.9114–17.7385)
      Fp2: 5.4313 (range: 1.4738–25.6369)
      F3: 2.1158 (range: 0.5452–9.6181)
      F4: 3.1647 (range: 0.7691–12.0252)
      F7: 2.8545 (range: 0.5750–11.5897)
      F8: 3.0035 (range: 1.0692–20.2509)
      Fz: 5.2284 (range: 1.4068–14.3485)

  theta_alpha_ratio — PARIETAL
    Flagged in segments: 1, 2, 3, 4, 5, 6, 7, 8, 9, 10, 12, 14, 15, 16, 18, 19, 21, 22, 24, 25, 27, 28, 29, 30, 32, 33, 34, 35, 36, 38, 40, 41, 42, 43, 44, 45, 47, 48, 49, 50, 51, 52, 54, 55, 56, 57, 58, 59, 60, 61, 62, 63, 64, 66, 67, 68, 69, 70, 71, 74, 75, 76, 77, 78, 79, 80, 81, 82, 83, 84, 85, 86, 87, 88, 89, 90, 92, 93, 96, 97, 98, 99, 100, 101, 102, 103, 104, 105, 106, 107, 108, 109, 110, 112, 113, 114, 115, 116, 118, 119, 120, 121, 122, 126, 127, 128, 129, 130, 131, 132, 133, 136, 137, 139, 140, 141, 142, 143, 144, 146, 147, 148, 150, 151, 152, 155, 156, 157, 158, 159, 160, 161, 162, 163, 164, 166, 167, 168, 169, 171, 173, 174, 175, 176, 177, 178, 182, 183, 184, 185, 186, 187, 188, 190, 191, 192, 193, 194
    Channels: P3, P4, Pz
    Per-channel averages (across flagged segments):
      P3: 3.2170 (range: 1.1111–9.1042)
      P4: 2.9093 (range: 0.9435–13.4914)
      Pz: 2.2468 (range: 0.6460–10.9681)

  spectral_centroid — TEMPORAL
    Flagged in segments: 1, 2, 3, 4, 5, 6, 7, 8, 9, 10, 11, 12, 13, 14, 15, 16, 17, 18, 19, 20, 21, 22, 23, 24, 25, 26, 27, 28, 29, 30, 31, 32, 33, 34, 35, 36, 38, 40, 41, 42, 43, 44, 45, 46, 47, 48, 49, 50, 51, 52, 53, 54, 55, 56, 57, 58, 59, 60, 61, 62, 63, 64, 65, 66, 67, 68, 69, 70, 71, 72, 73, 74, 75, 76, 77, 78, 79, 80, 81, 82, 83, 84, 85, 86, 87, 88, 89, 90, 91, 92, 93, 94, 95, 96, 97, 98, 99, 100, 101, 102, 103, 104, 105, 106, 107, 108, 109, 110, 111, 112, 113, 114, 115, 116, 117, 118, 119, 120, 121, 122, 123, 124, 125, 126, 127, 128, 129, 130, 131, 132, 133, 134, 135, 136, 137, 138, 139, 140, 141, 142, 143, 144, 145, 146, 147, 148, 149, 150, 151, 152, 153, 154, 155, 156, 157, 158, 159, 160, 161, 162, 163, 164, 165, 166, 167, 168, 169, 170, 171, 172, 173, 174, 175, 176, 177, 178, 179, 180, 181, 182, 183, 184, 185, 186, 187, 188, 189, 190, 191, 193, 194, 195
    Channels: T3, T4, T5, T6
    Per-channel averages (across flagged segments):
      T3: 2.59 Hz (range: 0.66–5.46)
      T4: 2.28 Hz (range: 0.64–5.65)
      T5: 2.28 Hz (range: 0.69–5.22)
      T6: 1.88 Hz (range: 0.59–3.76)

  delta_relative_power — TEMPORAL
    Flagged in segments: 1, 2, 4, 5, 6, 8, 9, 10, 11, 12, 13, 14, 15, 16, 17, 18, 19, 20, 21, 22, 23, 24, 25, 27, 28, 29, 30, 31, 32, 33, 34, 35, 36, 38, 40, 41, 42, 43, 44, 45, 46, 47, 48, 49, 50, 51, 52, 53, 54, 55, 56, 57, 58, 60, 61, 62, 63, 64, 65, 66, 67, 68, 69, 70, 71, 72, 73, 74, 75, 76, 77, 78, 79, 80, 81, 82, 83, 84, 85, 86, 87, 88, 89, 90, 91, 92, 93, 94, 95, 96, 97, 98, 99, 100, 101, 102, 103, 104, 105, 106, 107, 108, 109, 110, 111, 112, 113, 114, 115, 116, 117, 118, 119, 120, 121, 122, 123, 124, 125, 126, 127, 128, 129, 130, 131, 132, 133, 134, 135, 136, 137, 138, 139, 140, 141, 142, 143, 144, 145, 146, 147, 148, 149, 150, 151, 152, 153, 154, 155, 156, 157, 158, 159, 160, 162, 163, 164, 165, 166, 167, 168, 169, 170, 171, 172, 173, 174, 175, 176, 177, 178, 179, 180, 181, 182, 183, 184, 185, 186, 187, 188, 189, 190, 191, 193, 194, 195
    Channels: T3, T4, T5, T6
    Per-channel averages (across flagged segments):
      T3: 0.8536 (range: 0.5397–0.9986)
      T4: 0.8832 (range: 0.6077–0.9990)
      T5: 0.8712 (range: 0.6228–0.9960)
      T6: 0.9102 (range: 0.7124–0.9997)

  spectral_centroid — OCCIPITAL
    Flagged in segments: 1, 2, 4, 6, 7, 8, 9, 10, 11, 12, 13, 14, 15, 16, 18, 19, 20, 21, 22, 23, 25, 27, 28, 31, 34, 38, 40, 41, 42, 43, 44, 45, 47, 48, 49, 50, 51, 52, 53, 54, 55, 56, 57, 58, 60, 61, 62, 63, 64, 65, 66, 67, 68, 69, 70, 71, 72, 73, 74, 75, 76, 77, 78, 79, 80, 81, 82, 83, 84, 85, 87, 88, 89, 90, 91, 92, 93, 94, 95, 96, 97, 98, 99, 100, 101, 102, 103, 104, 105, 106, 107, 108, 109, 110, 111, 112, 113, 114, 115, 116, 117, 118, 119, 120, 121, 122, 123, 124, 125, 126, 127, 128, 129, 130, 131, 132, 133, 134, 135, 136, 137, 138, 139, 140, 141, 142, 143, 144, 145, 146, 147, 148, 149, 150, 151, 152, 153, 154, 155, 156, 157, 158, 159, 162, 163, 164, 165, 166, 167, 168, 169, 170, 171, 172, 173, 174, 175, 176, 177, 178, 179, 180, 181, 182, 183, 184, 185, 186, 187, 188, 189, 190, 191, 193, 194, 195
    Channels: O1, O2
    Per-channel averages (across flagged segments):
      O1: 2.11 Hz (range: 0.57–3.31)
      O2: 1.82 Hz (range: 0.62–3.07)

  delta_relative_power — OCCIPITAL
    Flagged in segments: 1, 2, 4, 6, 8, 9, 10, 11, 12, 13, 14, 15, 16, 18, 19, 20, 21, 22, 23, 25, 27, 28, 31, 38, 40, 41, 42, 43, 44, 45, 47, 48, 49, 50, 51, 52, 53, 54, 55, 56, 57, 58, 60, 61, 62, 63, 64, 65, 67, 68, 69, 70, 71, 72, 73, 74, 75, 76, 77, 78, 79, 80, 81, 82, 83, 84, 85, 87, 88, 89, 90, 91, 92, 93, 94, 95, 96, 97, 98, 99, 100, 101, 102, 103, 104, 105, 107, 108, 109, 110, 111, 112, 113, 114, 115, 116, 117, 118, 119, 120, 121, 122, 123, 124, 125, 126, 127, 128, 129, 130, 131, 132, 133, 134, 135, 136, 137, 138, 139, 140, 141, 142, 143, 144, 145, 146, 147, 148, 149, 150, 151, 152, 153, 154, 155, 156, 157, 158, 159, 162, 163, 164, 165, 166, 167, 168, 169, 170, 171, 172, 173, 175, 176, 177, 178, 179, 180, 181, 182, 183, 184, 185, 186, 187, 188, 189, 190, 193, 194, 195
    Channels: O1, O2
    Per-channel averages (across flagged segments):
      O1: 0.8858 (range: 0.7316–0.9981)
      O2: 0.9122 (range: 0.7802–0.9971)

  theta_alpha_ratio — CENTRAL
    Flagged in segments: 2, 4, 5, 9, 10, 12, 14, 15, 21, 22, 27, 28, 29, 31, 34, 38, 40, 41, 42, 43, 45, 46, 48, 49, 50, 54, 55, 56, 58, 59, 61, 62, 63, 64, 65, 67, 68, 69, 70, 71, 72, 73, 74, 75, 76, 77, 78, 79, 80, 81, 82, 83, 84, 85, 86, 87, 89, 92, 93, 94, 95, 96, 97, 98, 99, 100, 101, 103, 104, 105, 106, 107, 108, 109, 110, 111, 113, 114, 115, 116, 118, 119, 120, 122, 123, 124, 125, 126, 130, 131, 132, 133, 134, 137, 138, 139, 141, 142, 143, 144, 146, 149, 152, 153, 156, 157, 158, 159, 160, 162, 163, 166, 167, 168, 169, 170, 171, 173, 175, 176, 177, 178, 179, 180, 181, 182, 183, 184, 186, 187, 188, 189, 190, 191, 192, 193, 194, 195
    Channels: C3, C4, Cz
    Per-channel averages (across flagged segments):
      C3: 2.4443 (range: 0.4454–9.6163)
      C4: 3.5774 (range: 1.1479–13.1233)
      Cz: 2.5864 (range: 0.5825–6.7428)

  theta_relative_power — TEMPORAL
    Flagged in segments: 2, 7, 52, 59, 160, 161, 191, 192
    Channels: T3, T4, T5, T6
    Per-channel averages (across flagged segments):
      T3: 0.1932 (range: 0.1533–0.2559)
      T4: 0.1844 (range: 0.0871–0.2496)
      T5: 0.1802 (range: 0.1185–0.2541)
      T6: 0.1340 (range: 0.0763–0.1898)

  theta_relative_power — CENTRAL
    Flagged in segments: 2, 43, 51, 58, 59, 62, 116, 192
    Channels: C3, C4, Cz
    Per-channel averages (across flagged segments):
      C3: 0.2134 (range: 0.1186–0.2764)
      C4: 0.2041 (range: 0.1527–0.2439)
      Cz: 0.2254 (range: 0.1482–0.2796)

  theta_relative_power — PARIETAL
    Flagged in segments: 3, 7, 24, 59, 160, 161, 191
    Channels: P3, P4, Pz
    Per-channel averages (across flagged segments):
      P3: 0.2174 (range: 0.1683–0.2685)
      P4: 0.1747 (range: 0.1271–0.2345)
      Pz: 0.1851 (range: 0.1331–0.2496)

  lzc — TEMPORAL
    Flagged in segments: 4, 6, 8, 9, 12, 14, 17, 18, 19, 20, 21, 22, 23, 24, 25, 31, 32, 33, 38, 45, 46, 47, 48, 49, 50, 51, 52, 53, 54, 55, 56, 57, 58, 60, 61, 62, 63, 64, 65, 67, 68, 69, 70, 71, 73, 74, 75, 76, 77, 78, 79, 80, 81, 82, 83, 85, 86, 87, 88, 89, 90, 91, 92, 93, 94, 95, 96, 97, 98, 99, 100, 102, 103, 104, 105, 106, 107, 108, 109, 110, 111, 112, 113, 114, 115, 116, 117, 118, 119, 120, 121, 122, 123, 124, 125, 126, 127, 128, 129, 130, 131, 132, 133, 134, 135, 136, 137, 138, 139, 140, 141, 142, 143, 144, 145, 146, 147, 148, 149, 150, 151, 152, 153, 154, 155, 157, 158, 159, 161, 162, 163, 164, 166, 167, 168, 169, 170, 171, 172, 173, 174, 175, 176, 177, 179, 180, 181, 182, 183, 184, 185, 186, 187, 188, 189, 190, 191, 192, 193, 194
    Channels: T3, T4, T5, T6
    Per-channel averages (across flagged segments):
      T3: 0.4419 (range: 0.1230–0.7559)
      T4: 0.3862 (range: 0.0879–0.6328)
      T5: 0.3643 (range: 0.1055–0.6680)
      T6: 0.3005 (range: 0.0703–0.4922)

  lzc — OCCIPITAL
    Flagged in segments: 4, 8, 9, 12, 14, 15, 18, 20, 22, 31, 38, 39, 45, 47, 48, 51, 58, 60, 61, 62, 69, 70, 71, 72, 73, 74, 75, 76, 78, 79, 80, 81, 82, 87, 89, 92, 94, 95, 96, 97, 98, 99, 100, 103, 105, 107, 109, 110, 111, 113, 114, 115, 116, 117, 118, 119, 120, 121, 122, 124, 126, 127, 128, 129, 130, 131, 132, 134, 135, 136, 137, 138, 139, 141, 142, 143, 144, 145, 146, 147, 148, 149, 150, 151, 152, 153, 154, 155, 157, 159, 162, 163, 164, 166, 167, 168, 169, 170, 171, 173, 174, 175, 176, 177, 179, 181, 184, 186, 187, 189, 190, 191, 192, 193, 194
    Channels: O1, O2
    Per-channel averages (across flagged segments):
      O1: 0.3224 (range: 0.0879–0.4922)
      O2: 0.2860 (range: 0.1055–0.4219)

  median_frequency — TEMPORAL
    Flagged in segments: 4, 5, 6, 9, 10, 11, 12, 13, 14, 15, 17, 18, 19, 20, 21, 22, 23, 25, 27, 28, 31, 35, 38, 41, 43, 44, 45, 46, 47, 48, 49, 50, 51, 53, 54, 55, 56, 57, 58, 60, 63, 64, 66, 67, 68, 69, 71, 73, 75, 76, 77, 78, 80, 82, 87, 88, 89, 90, 91, 92, 93, 94, 95, 96, 97, 99, 100, 102, 103, 104, 105, 106, 107, 109, 110, 111, 112, 113, 114, 117, 118, 119, 120, 121, 122, 123, 124, 126, 127, 128, 129, 130, 131, 132, 133, 134, 135, 136, 137, 138, 139, 141, 142, 143, 144, 145, 146, 147, 148, 149, 150, 151, 152, 153, 154, 156, 157, 158, 159, 162, 163, 164, 165, 166, 167, 168, 169, 170, 171, 172, 173, 174, 175, 176, 177, 178, 179, 180, 181, 182, 184, 185, 186, 187, 188, 190, 193, 194
    Channels: T3, T4, T5, T6
    Per-channel averages (across flagged segments):
      T3: 1.18 Hz (range: 0.50–2.00)
      T4: 1.10 Hz (range: 0.50–2.00)
      T5: 1.15 Hz (range: 0.50–2.00)
      T6: 1.07 Hz (range: 0.50–1.50)

  spectral_centroid — PARIETAL
    Flagged in segments: 6, 8, 9, 12, 13, 14, 15, 18, 20, 21, 23, 27, 31, 35, 38, 40, 43, 44, 45, 47, 48, 49, 50, 51, 52, 53, 54, 55, 56, 57, 58, 60, 61, 63, 64, 66, 69, 70, 71, 72, 73, 75, 76, 77, 78, 80, 81, 82, 84, 85, 88, 89, 90, 91, 92, 93, 95, 96, 97, 99, 100, 101, 102, 103, 105, 106, 107, 108, 110, 111, 112, 113, 114, 116, 118, 119, 120, 121, 122, 123, 124, 125, 127, 128, 130, 131, 132, 133, 134, 135, 136, 137, 138, 139, 140, 141, 142, 143, 145, 146, 147, 148, 149, 150, 151, 152, 153, 154, 155, 156, 157, 158, 159, 162, 163, 164, 165, 166, 167, 168, 169, 170, 171, 172, 173, 174, 175, 176, 177, 179, 180, 181, 183, 184, 185, 186, 187, 188, 189, 190, 193, 194
    Channels: P3, P4, Pz
    Per-channel averages (across flagged segments):
      P3: 2.46 Hz (range: 0.66–5.19)
      P4: 2.14 Hz (range: 0.72–4.04)
      Pz: 2.28 Hz (range: 0.75–3.43)

  lzc — PARIETAL
    Flagged in segments: 6, 12, 20, 31, 38, 45, 47, 51, 52, 60, 61, 69, 70, 73, 74, 75, 76, 78, 80, 81, 83, 99, 100, 103, 105, 106, 107, 110, 112, 114, 116, 118, 119, 120, 121, 124, 125, 127, 132, 135, 136, 139, 141, 142, 144, 147, 149, 150, 152, 153, 154, 155, 157, 158, 159, 162, 163, 164, 166, 168, 169, 172, 173, 175, 176, 179, 181, 186, 191, 192, 193
    Channels: P3, P4, Pz
    Per-channel averages (across flagged segments):
      P3: 0.3335 (range: 0.1055–0.5625)
      P4: 0.3025 (range: 0.1406–0.4570)
      Pz: 0.3124 (range: 0.0703–0.4922)

  delta_relative_power — PARIETAL
    Flagged in segments: 6, 8, 9, 12, 13, 14, 15, 18, 20, 21, 23, 27, 31, 35, 38, 40, 44, 45, 48, 49, 50, 51, 53, 54, 55, 56, 58, 60, 63, 64, 70, 72, 73, 76, 77, 78, 81, 82, 85, 88, 89, 90, 95, 96, 99, 100, 101, 102, 103, 105, 108, 111, 112, 113, 114, 116, 118, 119, 120, 121, 122, 123, 124, 125, 127, 128, 131, 132, 133, 135, 136, 137, 138, 139, 140, 141, 142, 143, 145, 146, 147, 148, 149, 150, 151, 152, 153, 154, 155, 156, 157, 158, 159, 162, 163, 164, 165, 166, 167, 168, 169, 170, 171, 172, 173, 175, 176, 179, 180, 181, 183, 184, 185, 186, 189, 193, 194
    Channels: P3, P4, Pz
    Per-channel averages (across flagged segments):
      P3: 0.8857 (range: 0.7565–0.9976)
      P4: 0.9087 (range: 0.8284–0.9981)
      Pz: 0.8945 (range: 0.7620–0.9975)

  spectral_entropy — TEMPORAL
    Flagged in segments: 6, 9, 12, 13, 14, 15, 21, 22, 23, 38, 44, 45, 47, 48, 49, 50, 54, 55, 56, 63, 67, 69, 76, 77, 78, 82, 85, 87, 88, 89, 93, 94, 95, 96, 97, 99, 100, 103, 104, 105, 106, 109, 111, 112, 113, 114, 119, 120, 121, 122, 124, 126, 127, 128, 130, 131, 132, 133, 134, 135, 136, 137, 138, 139, 141, 143, 145, 146, 147, 148, 149, 150, 151, 152, 153, 154, 157, 158, 162, 163, 164, 166, 167, 168, 169, 170, 171, 172, 173, 174, 175, 176, 177, 179, 180, 181, 184, 185, 186, 187, 190, 194
    Channels: T3, T4, T5, T6
    Per-channel averages (across flagged segments):
      T3: 0.4719 (range: 0.1723–0.6734)
      T4: 0.4397 (range: 0.1507–0.6990)
      T5: 0.4475 (range: 0.1720–0.6192)
      T6: 0.4080 (range: 0.1114–0.5620)

  shannon_entropy — TEMPORAL
    Flagged in segments: 6, 9, 12, 13, 14, 15, 21, 22, 23, 38, 44, 45, 47, 48, 49, 50, 54, 55, 56, 63, 67, 69, 76, 77, 78, 82, 85, 87, 88, 89, 93, 94, 95, 96, 97, 99, 100, 103, 104, 105, 106, 109, 111, 112, 113, 114, 119, 120, 121, 122, 124, 126, 127, 128, 130, 131, 132, 133, 134, 135, 136, 137, 138, 139, 141, 143, 145, 146, 147, 148, 149, 150, 151, 152, 153, 154, 157, 158, 162, 163, 164, 166, 167, 168, 169, 170, 171, 172, 173, 174, 175, 176, 177, 179, 180, 181, 184, 185, 186, 187, 190, 194
    Channels: T3, T4, T5, T6
    Per-channel averages (across flagged segments):
      T3: 2.7872 (range: 1.0175–3.9777)
      T4: 2.5970 (range: 0.8905–4.1291)
      T5: 2.6435 (range: 1.0159–3.6578)
      T6: 2.4098 (range: 0.6580–3.3200)

  delta_relative_power — FRONTAL
    Flagged in segments: 6, 9, 12, 13, 18, 23, 31, 38, 44, 45, 49, 50, 61, 63, 69, 73, 76, 77, 78, 85, 87, 94, 95, 96, 99, 100, 104, 105, 112, 115, 119, 120, 121, 122, 123, 124, 125, 126, 127, 128, 130, 131, 132, 133, 135, 137, 138, 139, 140, 141, 142, 143, 146, 147, 149, 150, 151, 152, 153, 154, 156, 157, 158, 159, 162, 163, 164, 166, 167, 168, 169, 170, 172, 173, 174, 175, 176, 177, 179, 180, 181, 182, 183, 184, 185, 186, 189, 190, 193, 194
    Channels: Fp1, Fp2, F3, F4, F7, F8, Fz
    Per-channel averages (across flagged segments):
      Fp1: 0.9281 (range: 0.7567–0.9970)
      Fp2: 0.9319 (range: 0.8403–0.9968)
      F3: 0.8746 (range: 0.7462–0.9944)
      F4: 0.8773 (range: 0.6477–0.9963)
      F7: 0.9043 (range: 0.7160–0.9989)
      F8: 0.9000 (range: 0.7575–0.9779)
      Fz: 0.8995 (range: 0.7490–0.9954)

  delta_relative_power — CENTRAL
    Flagged in segments: 6, 12, 14, 18, 38, 40, 45, 50, 54, 55, 63, 76, 77, 87, 91, 94, 95, 99, 100, 103, 104, 112, 113, 115, 118, 119, 120, 121, 122, 124, 126, 128, 130, 132, 133, 135, 137, 139, 142, 143, 146, 147, 149, 150, 151, 152, 154, 157, 159, 162, 163, 164, 166, 167, 168, 169, 171, 172, 173, 174, 175, 177, 179, 180, 181, 184, 185, 186, 188, 189, 190, 194
    Channels: C3, C4, Cz
    Per-channel averages (across flagged segments):
      C3: 0.8550 (range: 0.7148–0.9918)
      C4: 0.8581 (range: 0.6920–0.9890)
      Cz: 0.8164 (range: 0.6782–0.9980)

  spectral_entropy — OCCIPITAL
    Flagged in segments: 9, 10, 31, 38, 45, 47, 49, 78, 103, 114, 120, 121, 122, 127, 135, 136, 147, 149, 152, 154, 157, 163, 166, 169, 171, 173, 176, 179, 186, 187
    Channels: O1, O2
    Per-channel averages (across flagged segments):
      O1: 0.3728 (range: 0.0892–0.4822)
      O2: 0.3159 (range: 0.1215–0.4178)

  shannon_entropy — OCCIPITAL
    Flagged in segments: 9, 10, 31, 38, 45, 47, 49, 78, 103, 114, 120, 121, 122, 127, 135, 136, 147, 149, 152, 154, 157, 163, 166, 169, 171, 173, 176, 179, 186, 187
    Channels: O1, O2
    Per-channel averages (across flagged segments):
      O1: 2.2020 (range: 0.5270–2.8482)
      O2: 1.8659 (range: 0.7176–2.4676)

  shannon_entropy — PARIETAL
    Flagged in segments: 9, 31, 38, 45, 49, 51, 82, 103, 114, 120, 121, 135, 142, 147, 150, 163, 166, 169, 172, 173, 179, 186
    Channels: P3, P4, Pz
    Per-channel averages (across flagged segments):
      P3: 2.3025 (range: 0.9683–3.3871)
      P4: 2.1717 (range: 1.1289–2.7723)
      Pz: 2.2547 (range: 1.3333–3.0739)

  spectral_entropy — PARIETAL
    Flagged in segments: 9, 31, 38, 45, 49, 51, 82, 103, 114, 120, 121, 135, 142, 147, 150, 163, 166, 169, 172, 173, 179, 186
    Channels: P3, P4, Pz
    Per-channel averages (across flagged segments):
      P3: 0.3898 (range: 0.1639–0.5734)
      P4: 0.3676 (range: 0.1911–0.4693)
      Pz: 0.3817 (range: 0.2257–0.5204)

  spectral_centroid — FRONTAL
    Flagged in segments: 9, 12, 14, 23, 31, 38, 44, 45, 48, 49, 50, 51, 55, 56, 61, 63, 69, 70, 72, 73, 76, 77, 78, 82, 85, 87, 88, 89, 92, 93, 94, 95, 96, 97, 99, 100, 102, 103, 104, 105, 106, 107, 108, 109, 111, 112, 113, 115, 116, 118, 119, 120, 121, 122, 123, 124, 125, 126, 127, 128, 130, 131, 132, 133, 134, 135, 136, 137, 138, 139, 140, 141, 142, 143, 144, 145, 146, 147, 148, 149, 150, 151, 152, 153, 154, 155, 156, 157, 158, 159, 162, 163, 164, 165, 166, 167, 168, 169, 170, 171, 172, 173, 174, 175, 176, 177, 179, 180, 181, 182, 183, 184, 185, 186, 188, 189, 190, 193, 194, 195
    Channels: Fp1, Fp2, F3, F4, F7, F8, Fz
    Per-channel averages (across flagged segments):
      Fp1: 1.99 Hz (range: 0.68–3.66)
      Fp2: 1.99 Hz (range: 0.71–3.56)
      F3: 2.46 Hz (range: 0.75–3.82)
      F4: 2.50 Hz (range: 0.71–5.10)
      F7: 2.20 Hz (range: 0.71–4.62)
      F8: 2.18 Hz (range: 0.98–4.23)
      Fz: 2.13 Hz (range: 0.71–3.21)

  spectral_centroid — CENTRAL
    Flagged in segments: 12, 14, 18, 38, 45, 48, 50, 54, 63, 76, 77, 80, 87, 94, 95, 99, 100, 103, 104, 112, 113, 115, 118, 119, 120, 121, 122, 124, 126, 128, 130, 132, 133, 135, 137, 139, 143, 146, 147, 152, 154, 157, 159, 160, 162, 163, 164, 166, 167, 168, 169, 171, 173, 174, 175, 177, 179, 180, 181, 184, 185, 186, 188, 189, 190, 191, 194
    Channels: C3, C4, Cz
    Per-channel averages (across flagged segments):
      C3: 2.61 Hz (range: 0.80–4.19)
      C4: 2.65 Hz (range: 0.90–4.09)
      Cz: 2.91 Hz (range: 0.71–4.47)

  lzc — CENTRAL
    Flagged in segments: 12, 38, 76, 94, 112, 118, 119, 120, 121, 130, 135, 159, 162, 163, 164, 173, 177, 179, 184, 186, 191
    Channels: C3, C4, Cz
    Per-channel averages (across flagged segments):
      C3: 0.3516 (range: 0.0879–0.5098)
      C4: 0.3683 (range: 0.1934–0.5625)
      Cz: 0.3089 (range: 0.0879–0.4395)

  lzc — FRONTAL
    Flagged in segments: 12, 88, 89, 94, 96, 100, 102, 107, 111, 112, 115, 118, 119, 120, 121, 122, 124, 126, 128, 130, 131, 132, 134, 135, 136, 137, 138, 139, 141, 142, 143, 145, 146, 147, 148, 149, 150, 154, 157, 158, 159, 162, 163, 164, 166, 167, 168, 169, 171, 172, 173, 175, 177, 179, 180, 184, 185, 186, 189, 191, 192, 193, 194
    Channels: Fp1, Fp2, F3, F4, F7, F8, Fz
    Per-channel averages (across flagged segments):
      Fp1: 0.3404 (range: 0.1055–0.5977)
      Fp2: 0.2932 (range: 0.1582–0.5098)
      F3: 0.3689 (range: 0.1230–0.5625)
      F4: 0.3496 (range: 0.1934–0.5625)
      F7: 0.3633 (range: 0.0879–0.6152)
      F8: 0.3736 (range: 0.1406–0.5625)
      Fz: 0.3083 (range: 0.1055–0.4746)

  shannon_entropy — CENTRAL
    Flagged in segments: 38, 119, 120, 121, 130, 162, 163, 186
    Channels: C3, C4, Cz
    Per-channel averages (across flagged segments):
      C3: 2.2198 (range: 1.3492–2.8710)
      C4: 2.2270 (range: 1.5693–3.2293)
      Cz: 2.1067 (range: 1.2110–3.1893)

  spectral_entropy — CENTRAL
    Flagged in segments: 38, 119, 120, 121, 130, 162, 163, 186
    Channels: C3, C4, Cz
    Per-channel averages (across flagged segments):
      C3: 0.3758 (range: 0.2284–0.4860)
      C4: 0.3770 (range: 0.2657–0.5467)
      Cz: 0.3566 (range: 0.2050–0.5399)

  median_frequency — CENTRAL
    Flagged in segments: 38, 120, 121, 162, 163, 186
    Channels: C3, C4, Cz
    Per-channel averages (across flagged segments):
      C3: 0.58 Hz (range: 0.50–1.00)
      C4: 0.58 Hz (range: 0.50–1.00)
      Cz: 0.58 Hz (range: 0.50–1.00)

  shannon_entropy — FRONTAL
    Flagged in segments: 38, 120, 135, 147, 162, 163, 166, 172, 173, 179, 186
    Channels: Fp1, Fp2, F3, F4, F7, F8, Fz
    Per-channel averages (across flagged segments):
      Fp1: 2.0857 (range: 1.0641–2.7073)
      Fp2: 2.1615 (range: 1.1849–2.9534)
      F3: 2.3675 (range: 1.2933–3.3379)
      F4: 2.3983 (range: 1.1798–2.9829)
      F7: 2.0996 (range: 1.2369–2.6319)
      F8: 2.3630 (range: 1.3735–2.8917)
      Fz: 2.2823 (range: 1.1527–3.0543)

  spectral_entropy — FRONTAL
    Flagged in segments: 38, 120, 135, 147, 162, 163, 166, 172, 173, 179, 186
    Channels: Fp1, Fp2, F3, F4, F7, F8, Fz
    Per-channel averages (across flagged segments):
      Fp1: 0.3531 (range: 0.1801–0.4583)
      Fp2: 0.3659 (range: 0.2006–0.5000)
      F3: 0.4008 (range: 0.2189–0.5651)
      F4: 0.4060 (range: 0.1997–0.5050)
      F7: 0.3554 (range: 0.2094–0.4456)
      F8: 0.4000 (range: 0.2325–0.4896)
      Fz: 0.3864 (range: 0.1951–0.5171)

  median_frequency — PARIETAL
    Flagged in segments: 38, 51, 120, 121, 163, 186
    Channels: P3, P4, Pz
    Per-channel averages (across flagged segments):
      P3: 0.50 Hz (range: 0.50–0.50)
      P4: 0.50 Hz (range: 0.50–0.50)
      Pz: 0.50 Hz (range: 0.50–0.50)

  theta_relative_power — FRONTAL
    Flagged in segments: 59, 160, 187, 191, 192
    Channels: Fp1, Fp2, F3, F4, F7, F8, Fz
    Per-channel averages (across flagged segments):
      Fp1: 0.1563 (range: 0.0971–0.1977)
      Fp2: 0.1720 (range: 0.1465–0.2017)
      F3: 0.1659 (range: 0.0739–0.2711)
      F4: 0.2191 (range: 0.1792–0.2830)
      F7: 0.1542 (range: 0.0964–0.2192)
      F8: 0.2003 (range: 0.1186–0.2671)
      Fz: 0.2413 (range: 0.1716–0.3376)

  theta_relative_power — OCCIPITAL
    Flagged in segments: 59, 160
    Channels: O1, O2
    Per-channel averages (across flagged segments):
      O1: 0.2112 (range: 0.2021–0.2203)
      O2: 0.2165 (range: 0.1973–0.2358)

--- AD INDICATOR SUMMARY ---
  * Theta/slow-wave elevation in frontal, central, occipital, temporal, parietal — consistent with cholinergic deficit / hippocampal damage
  * Reduced signal complexity — consistent with neuronal network degradation
  * Spectral slowing — consistent with cortical hypoactivation in AD